{
 "cells": [
  {
   "cell_type": "markdown",
   "id": "possible-turkish",
   "metadata": {},
   "source": [
    "*for more information, checkout* [Github](https://github.com/Crazytoph/2Dcorrelation \"my github page\")."
   ]
  },
  {
   "cell_type": "markdown",
   "id": "amateur-surveillance",
   "metadata": {},
   "source": [
    "# CD Measurements - Data Analysis"
   ]
  },
  {
   "cell_type": "markdown",
   "id": "equal-percentage",
   "metadata": {},
   "source": [
    "## *setting up the Notebook*"
   ]
  },
  {
   "cell_type": "code",
   "execution_count": 1,
   "id": "animal-morrison",
   "metadata": {},
   "outputs": [],
   "source": [
    "# Enabling the `widget` backend.\n",
    "# This requires jupyter-matplotlib a.k.a. ipympl.\n",
    "# ipympl can be install via pip or conda.\n",
    "%matplotlib widget\n",
    "        \n",
    "import matplotlib.pyplot as plt\n",
    "import numpy as np\n",
    "import pandas as pd\n",
    "from ipywidgets import Output\n",
    "import matplotlib\n",
    "\n",
    "from scipy import integrate\n",
    "import lmfit\n",
    "import os"
   ]
  },
  {
   "cell_type": "code",
   "execution_count": 2,
   "id": "original-explorer",
   "metadata": {},
   "outputs": [],
   "source": [
    "import analise as ana\n",
    "import cdata \n",
    "import hotznplots as plot"
   ]
  },
  {
   "cell_type": "markdown",
   "id": "dangerous-disabled",
   "metadata": {},
   "source": [
    "<div class=\"alert alert-block alert-info\">\n",
    "<b>Info:</b> Print always whole DataFrames\n",
    "</div>"
   ]
  },
  {
   "cell_type": "code",
   "execution_count": 3,
   "id": "amino-plumbing",
   "metadata": {},
   "outputs": [],
   "source": [
    "# Default value of display.max_rows is 10 i.e. at max 10 rows will be printed.\n",
    "# Set it None to display all rows in the dataframe\n",
    "pd.set_option('display.max_rows', None)"
   ]
  },
  {
   "cell_type": "code",
   "execution_count": 4,
   "id": "sapphire-minority",
   "metadata": {},
   "outputs": [],
   "source": [
    "# change plot size\n",
    "plt.rcParams[\"figure.figsize\"] = (11,9)"
   ]
  },
  {
   "cell_type": "markdown",
   "id": "electric-demand",
   "metadata": {},
   "source": [
    "<div class=\"alert alert-block alert-info\">\n",
    "<b>Info:</b> Get the data\n",
    "</div>"
   ]
  },
  {
   "cell_type": "code",
   "execution_count": 5,
   "id": "restricted-tsunami",
   "metadata": {},
   "outputs": [
    {
     "name": "stdout",
     "output_type": "stream",
     "text": [
      "['Control_0M', 'Gdm2SO4_0.5M', 'Gdm2SO4_2M', 'Gdm2SO4_4M', 'GdmCl_0.5M', 'GdmCl_2M', 'GdmCl_2M_24h', 'GdmCl_4M', 'GdmCl_6M', 'GdmSCN_0.5M', 'GdmSCN_2M', 'Urea_2M']\n"
     ]
    }
   ],
   "source": [
    "# Path for Daniel:\n",
    "#path = \"F:\\\\HZDR\\\\CD_data\"\n",
    "\n",
    "# My Path:\n",
    "path = \"C:\\\\Users\\\\crazy\\\\Mega\\\\Uni\\\\Masterarbeit\\\\Projekt\\\\Data\\\\CD_data\\\\DNA Origami\"\n",
    "datalist = os.listdir(path)\n",
    "print(datalist)"
   ]
  },
  {
   "cell_type": "code",
   "execution_count": 6,
   "id": "exclusive-variation",
   "metadata": {},
   "outputs": [],
   "source": [
    "# all data in one dictionary with foldernames as names\n",
    "data_all = {}\n",
    "for i in range(len(datalist)):\n",
    "    data_all[datalist[i]] = cdata.CData(os.path.join(path, datalist[i]))"
   ]
  },
  {
   "cell_type": "code",
   "execution_count": 7,
   "id": "anticipated-antique",
   "metadata": {},
   "outputs": [
    {
     "name": "stdout",
     "output_type": "stream",
     "text": [
      "<cdata.CData object at 0x00000176CE19D3A0>\n",
      "[<cdata.CData object at 0x00000176CE19D3A0>, <cdata.CData object at 0x00000176CC657280>]\n",
      "(<cdata.CData object at 0x00000176CE19D3A0>, <cdata.CData object at 0x00000176CDBA90D0>, <cdata.CData object at 0x00000176CA3CEA90>, <cdata.CData object at 0x00000176CC657280>)\n"
     ]
    }
   ],
   "source": [
    "# options to acces data\n",
    "print(data_all['Control_0M'])\n",
    "# multiple options\n",
    "print(list(map(data_all.get, ['Control_0M', 'Gdm2SO4_4M'])))\n",
    "print(tuple(data_all.values())[0:4])"
   ]
  },
  {
   "cell_type": "markdown",
   "id": "moved-cartridge",
   "metadata": {},
   "source": [
    "## Colormaps"
   ]
  },
  {
   "cell_type": "markdown",
   "id": "controlling-dakota",
   "metadata": {},
   "source": [
    "### Heat Maps"
   ]
  },
  {
   "cell_type": "code",
   "execution_count": 12,
   "id": "conservative-enforcement",
   "metadata": {},
   "outputs": [
    {
     "data": {
      "application/vnd.jupyter.widget-view+json": {
       "model_id": "a15f5668f7f94285a3a73d686e476666",
       "version_major": 2,
       "version_minor": 0
      },
      "text/plain": [
       "Canvas(toolbar=Toolbar(toolitems=[('Home', 'Reset original view', 'home', 'home'), ('Back', 'Back to previous …"
      ]
     },
     "metadata": {},
     "output_type": "display_data"
    }
   ],
   "source": [
    "plot.heatmap(*tuple(data_all.values()), subtitle=tuple(data_all.keys()), title=\"Cd-Values\", x_min=[220]*len(data_all))"
   ]
  },
  {
   "cell_type": "markdown",
   "id": "settled-insured",
   "metadata": {},
   "source": [
    "### 3D surface plots"
   ]
  },
  {
   "cell_type": "code",
   "execution_count": 8,
   "id": "novel-brief",
   "metadata": {},
   "outputs": [
    {
     "data": {
      "application/vnd.jupyter.widget-view+json": {
       "model_id": "2fa9d7ff892f46d3a9a14a3ce990af42",
       "version_major": 2,
       "version_minor": 0
      },
      "text/plain": [
       "Canvas(toolbar=Toolbar(toolitems=[('Home', 'Reset original view', 'home', 'home'), ('Back', 'Back to previous …"
      ]
     },
     "metadata": {},
     "output_type": "display_data"
    },
    {
     "name": "stderr",
     "output_type": "stream",
     "text": [
      "No handles with labels found to put in legend.\n"
     ]
    }
   ],
   "source": [
    "plot.function3d(data_all[\"Control_0M\"].cd_df.loc[220:])"
   ]
  },
  {
   "cell_type": "markdown",
   "id": "athletic-arrow",
   "metadata": {},
   "source": [
    "## Function Plots "
   ]
  },
  {
   "cell_type": "markdown",
   "id": "stylish-bristol",
   "metadata": {},
   "source": [
    "### CD-Spectra Plot"
   ]
  },
  {
   "cell_type": "code",
   "execution_count": 11,
   "id": "muslim-italian",
   "metadata": {},
   "outputs": [
    {
     "data": {
      "application/vnd.jupyter.widget-view+json": {
       "model_id": "456917fb470e4c1f937d90ac9741ed1b",
       "version_major": 2,
       "version_minor": 0
      },
      "text/plain": [
       "Canvas(toolbar=Toolbar(toolitems=[('Home', 'Reset original view', 'home', 'home'), ('Back', 'Back to previous …"
      ]
     },
     "metadata": {},
     "output_type": "display_data"
    }
   ],
   "source": [
    "wave_min = 200\n",
    "wave_max = 330\n",
    "\n",
    "key_list = ['Control_0M', 'Gdm2SO4_0.5M', 'Gdm2SO4_2M', 'Gdm2SO4_4M', 'GdmCl_0.5M', 'GdmCl_2M',  'GdmCl_4M', 'GdmSCN_0.5M', 'GdmSCN_2M']\n",
    "plot.mult_func([20, 45, 64, 80], [data_all['Control_0M'].cd_df.loc[wave_min:wave_max],  data_all['GdmCl_0.5M'].cd_df.loc[wave_min:wave_max]], swap=True,\n",
    "                   x_label=\"Wavelength [nm]\", y_label=\"CD values [mdeg]\", subtitle=[\"\"], marker=['', '', '', ''], linestyle=['-', ':', ':', '-'], baseline=True, \n",
    "                   y_min=[-8], y_max=[6], y_scaling=True)"
   ]
  },
  {
   "cell_type": "code",
   "execution_count": 9,
   "id": "anticipated-portrait",
   "metadata": {},
   "outputs": [
    {
     "data": {
      "application/vnd.jupyter.widget-view+json": {
       "model_id": "d517ccdfbd66482885df8cc84deb2ea8",
       "version_major": 2,
       "version_minor": 0
      },
      "text/plain": [
       "Canvas(toolbar=Toolbar(toolitems=[('Home', 'Reset original view', 'home', 'home'), ('Back', 'Back to previous …"
      ]
     },
     "metadata": {},
     "output_type": "display_data"
    },
    {
     "data": {
      "application/vnd.jupyter.widget-view+json": {
       "model_id": "bf4dcc8216a14f81ace4d0f8c4369496",
       "version_major": 2,
       "version_minor": 0
      },
      "text/plain": [
       "Canvas(toolbar=Toolbar(toolitems=[('Home', 'Reset original view', 'home', 'home'), ('Back', 'Back to previous …"
      ]
     },
     "metadata": {},
     "output_type": "display_data"
    },
    {
     "data": {
      "application/vnd.jupyter.widget-view+json": {
       "model_id": "d85353942ae74493a34cfadf997ffb6e",
       "version_major": 2,
       "version_minor": 0
      },
      "text/plain": [
       "Canvas(toolbar=Toolbar(toolitems=[('Home', 'Reset original view', 'home', 'home'), ('Back', 'Back to previous …"
      ]
     },
     "metadata": {},
     "output_type": "display_data"
    },
    {
     "data": {
      "application/vnd.jupyter.widget-view+json": {
       "model_id": "0db74609b3924943aaa96c676e950840",
       "version_major": 2,
       "version_minor": 0
      },
      "text/plain": [
       "Canvas(toolbar=Toolbar(toolitems=[('Home', 'Reset original view', 'home', 'home'), ('Back', 'Back to previous …"
      ]
     },
     "metadata": {},
     "output_type": "display_data"
    },
    {
     "data": {
      "application/vnd.jupyter.widget-view+json": {
       "model_id": "6414fe9ba89340df94a703722491e1b1",
       "version_major": 2,
       "version_minor": 0
      },
      "text/plain": [
       "Canvas(toolbar=Toolbar(toolitems=[('Home', 'Reset original view', 'home', 'home'), ('Back', 'Back to previous …"
      ]
     },
     "metadata": {},
     "output_type": "display_data"
    },
    {
     "data": {
      "application/vnd.jupyter.widget-view+json": {
       "model_id": "f75fcd780ffc429db2d1adc750312c0a",
       "version_major": 2,
       "version_minor": 0
      },
      "text/plain": [
       "Canvas(toolbar=Toolbar(toolitems=[('Home', 'Reset original view', 'home', 'home'), ('Back', 'Back to previous …"
      ]
     },
     "metadata": {},
     "output_type": "display_data"
    },
    {
     "data": {
      "application/vnd.jupyter.widget-view+json": {
       "model_id": "54f8033edd3b4d00b40d37af52e2a2c2",
       "version_major": 2,
       "version_minor": 0
      },
      "text/plain": [
       "Canvas(toolbar=Toolbar(toolitems=[('Home', 'Reset original view', 'home', 'home'), ('Back', 'Back to previous …"
      ]
     },
     "metadata": {},
     "output_type": "display_data"
    },
    {
     "data": {
      "application/vnd.jupyter.widget-view+json": {
       "model_id": "8699bed5fa68496baa720731cb32c2c5",
       "version_major": 2,
       "version_minor": 0
      },
      "text/plain": [
       "Canvas(toolbar=Toolbar(toolitems=[('Home', 'Reset original view', 'home', 'home'), ('Back', 'Back to previous …"
      ]
     },
     "metadata": {},
     "output_type": "display_data"
    },
    {
     "data": {
      "application/vnd.jupyter.widget-view+json": {
       "model_id": "ec89fe0ec64c493099c1b6c381cc236c",
       "version_major": 2,
       "version_minor": 0
      },
      "text/plain": [
       "Canvas(toolbar=Toolbar(toolitems=[('Home', 'Reset original view', 'home', 'home'), ('Back', 'Back to previous …"
      ]
     },
     "metadata": {},
     "output_type": "display_data"
    }
   ],
   "source": [
    "wave_min = 200\n",
    "wave_max = 330\n",
    "\n",
    "key_list = ['Control_0M', 'Gdm2SO4_0.5M', 'Gdm2SO4_2M', 'Gdm2SO4_4M', 'GdmCl_0.5M', 'GdmCl_2M',  'GdmCl_4M', 'GdmSCN_0.5M', 'GdmSCN_2M']\n",
    "for key in key_list:\n",
    "    plot.mult_func([20, 45, 64, 80], [data_all[key].cd_df.loc[wave_min:wave_max]], title=key, swap=True,\n",
    "                   x_label=\"Wavelength [nm]\", y_label=\"CD values [mdeg]\", subtitle=[\"\"], label=[\"20°C\", \"45°C\", \"64°C\", \"80°C\"], marker=['', '', '', ''], linestyle=['-', ':', ':', '-'], baseline=True, \n",
    "                   y_min=[-8], y_max=[6], y_scaling=True)"
   ]
  },
  {
   "cell_type": "code",
   "execution_count": 9,
   "id": "racial-kernel",
   "metadata": {},
   "outputs": [
    {
     "data": {
      "application/vnd.jupyter.widget-view+json": {
       "model_id": "f50680fe04ce440ca3c63d04a862232b",
       "version_major": 2,
       "version_minor": 0
      },
      "text/plain": [
       "Canvas(toolbar=Toolbar(toolitems=[('Home', 'Reset original view', 'home', 'home'), ('Back', 'Back to previous …"
      ]
     },
     "metadata": {},
     "output_type": "display_data"
    }
   ],
   "source": [
    "data=[]\n",
    "for key in data_all.keys():\n",
    "    data.append([data_all[key].cd_df.T])\n",
    "\n",
    "plot.mult_func([20, 40, 55, 60, 65, 70, 90], *data, subtitle=tuple(data_all.keys()),\n",
    "               title=\"CD-Spectra\", marker=[\"\",\"\", \"\", \"\", \"\", \"\", \"\"], x_min=210\n",
    "              )"
   ]
  },
  {
   "cell_type": "markdown",
   "id": "emotional-robertson",
   "metadata": {},
   "source": [
    "### Max/Min Plots\n"
   ]
  },
  {
   "cell_type": "markdown",
   "id": "alert-toddler",
   "metadata": {},
   "source": [
    "multiple probes"
   ]
  },
  {
   "cell_type": "code",
   "execution_count": 10,
   "id": "turkish-blackberry",
   "metadata": {},
   "outputs": [
    {
     "data": {
      "application/vnd.jupyter.widget-view+json": {
       "model_id": "6f696b1d2e1446f39663abdd45427261",
       "version_major": 2,
       "version_minor": 0
      },
      "text/plain": [
       "Canvas(toolbar=Toolbar(toolitems=[('Home', 'Reset original view', 'home', 'home'), ('Back', 'Back to previous …"
      ]
     },
     "metadata": {},
     "output_type": "display_data"
    }
   ],
   "source": [
    "wave_min = 210\n",
    "wave_max =  230\n",
    "\n",
    "\n",
    "# First data you want to add to the plot\n",
    "plot_data =  ana.max_wave(data_all[\"Control_0M\"].cd_df, wave_min=wave_min, wave_max=wave_max)\n",
    "plot_data = plot_data.drop(['Wavelength'], axis=1)   \n",
    "plot_data.rename(columns = {'Value': 'Control_0M'}, inplace = True)\n",
    "\n",
    "\n",
    "\n",
    "# other Data you want to add, if always same max/min values then loop would be possible\n",
    "plot_data[\"GdmCl_4M\"] = ana.max_wave(data_all[\"GdmCl_4M\"].cd_df, wave_min=wave_min, wave_max=wave_max)[\"Value\"]\n",
    "plot_data[\"Gdm2SO4_2M\"] = ana.max_wave(data_all[\"Gdm2SO4_2M\"].cd_df, wave_min=wave_min, wave_max=wave_max)[\"Value\"]\n",
    "#plot_data[\"GdmSCN_2M\"] 2= ana.max_wave(data_all[\"GdmSCN_2M\"].cd_df, wave_min=wave_min, wave_max=wave_max)[\"Value\"]\n",
    "\n",
    "\n",
    "plot.mult_func([\"Control_0M\", \"GdmCl_4M\", \"Gdm2SO4_2M\"], [plot_data.T], subtitle=[\"\"], title=\"Max. CD Value between 210nm - 230nm\")"
   ]
  },
  {
   "cell_type": "markdown",
   "id": "ordinary-playing",
   "metadata": {},
   "source": [
    "one probe"
   ]
  },
  {
   "cell_type": "code",
   "execution_count": 15,
   "id": "stupid-proportion",
   "metadata": {},
   "outputs": [
    {
     "data": {
      "application/vnd.jupyter.widget-view+json": {
       "model_id": "f72d97d41e48459eb723bb30acc239cd",
       "version_major": 2,
       "version_minor": 0
      },
      "text/plain": [
       "Canvas(toolbar=Toolbar(toolitems=[('Home', 'Reset original view', 'home', 'home'), ('Back', 'Back to previous …"
      ]
     },
     "metadata": {},
     "output_type": "display_data"
    },
    {
     "data": {
      "application/vnd.jupyter.widget-view+json": {
       "model_id": "83a43084f829464c8d1d2c3cbbe6535a",
       "version_major": 2,
       "version_minor": 0
      },
      "text/plain": [
       "Canvas(toolbar=Toolbar(toolitems=[('Home', 'Reset original view', 'home', 'home'), ('Back', 'Back to previous …"
      ]
     },
     "metadata": {},
     "output_type": "display_data"
    },
    {
     "data": {
      "application/vnd.jupyter.widget-view+json": {
       "model_id": "f48223ffb14c49079e937ecb7fadde39",
       "version_major": 2,
       "version_minor": 0
      },
      "text/plain": [
       "Canvas(toolbar=Toolbar(toolitems=[('Home', 'Reset original view', 'home', 'home'), ('Back', 'Back to previous …"
      ]
     },
     "metadata": {},
     "output_type": "display_data"
    },
    {
     "data": {
      "application/vnd.jupyter.widget-view+json": {
       "model_id": "d46d1249cc1d44f6a0b5090cd69dada9",
       "version_major": 2,
       "version_minor": 0
      },
      "text/plain": [
       "Canvas(toolbar=Toolbar(toolitems=[('Home', 'Reset original view', 'home', 'home'), ('Back', 'Back to previous …"
      ]
     },
     "metadata": {},
     "output_type": "display_data"
    },
    {
     "data": {
      "application/vnd.jupyter.widget-view+json": {
       "model_id": "3c475e2f6c944bea910df4241fb30393",
       "version_major": 2,
       "version_minor": 0
      },
      "text/plain": [
       "Canvas(toolbar=Toolbar(toolitems=[('Home', 'Reset original view', 'home', 'home'), ('Back', 'Back to previous …"
      ]
     },
     "metadata": {},
     "output_type": "display_data"
    },
    {
     "data": {
      "application/vnd.jupyter.widget-view+json": {
       "model_id": "221f08fdd72b4892bcca8879e40e895d",
       "version_major": 2,
       "version_minor": 0
      },
      "text/plain": [
       "Canvas(toolbar=Toolbar(toolitems=[('Home', 'Reset original view', 'home', 'home'), ('Back', 'Back to previous …"
      ]
     },
     "metadata": {},
     "output_type": "display_data"
    },
    {
     "data": {
      "application/vnd.jupyter.widget-view+json": {
       "model_id": "c63995a5677047b8a4e9d6b28a0d7097",
       "version_major": 2,
       "version_minor": 0
      },
      "text/plain": [
       "Canvas(toolbar=Toolbar(toolitems=[('Home', 'Reset original view', 'home', 'home'), ('Back', 'Back to previous …"
      ]
     },
     "metadata": {},
     "output_type": "display_data"
    },
    {
     "data": {
      "application/vnd.jupyter.widget-view+json": {
       "model_id": "efe1dc62afb94b719617149d94e38868",
       "version_major": 2,
       "version_minor": 0
      },
      "text/plain": [
       "Canvas(toolbar=Toolbar(toolitems=[('Home', 'Reset original view', 'home', 'home'), ('Back', 'Back to previous …"
      ]
     },
     "metadata": {},
     "output_type": "display_data"
    },
    {
     "data": {
      "application/vnd.jupyter.widget-view+json": {
       "model_id": "4e9be91f4fae492983160df331a99a03",
       "version_major": 2,
       "version_minor": 0
      },
      "text/plain": [
       "Canvas(toolbar=Toolbar(toolitems=[('Home', 'Reset original view', 'home', 'home'), ('Back', 'Back to previous …"
      ]
     },
     "metadata": {},
     "output_type": "display_data"
    },
    {
     "data": {
      "application/vnd.jupyter.widget-view+json": {
       "model_id": "4957eaa15b9844038a47f2f677677b0b",
       "version_major": 2,
       "version_minor": 0
      },
      "text/plain": [
       "Canvas(toolbar=Toolbar(toolitems=[('Home', 'Reset original view', 'home', 'home'), ('Back', 'Back to previous …"
      ]
     },
     "metadata": {},
     "output_type": "display_data"
    },
    {
     "data": {
      "application/vnd.jupyter.widget-view+json": {
       "model_id": "f132d95add7b4185bd0b7bbfa7bcdf9e",
       "version_major": 2,
       "version_minor": 0
      },
      "text/plain": [
       "Canvas(toolbar=Toolbar(toolitems=[('Home', 'Reset original view', 'home', 'home'), ('Back', 'Back to previous …"
      ]
     },
     "metadata": {},
     "output_type": "display_data"
    }
   ],
   "source": [
    "wave_min = 260\n",
    "wave_max =  290\n",
    "title = \"Max. CD-Value between \" + str(wave_min) + \"nm - \" + str(wave_max) +\"nm\"\n",
    "\n",
    "for key in data_all.keys():\n",
    "    plot_data =  ana.max_wave(data_all[key].cd_df, wave_min=wave_min, wave_max=wave_max)\n",
    "    plot.mult_func([\"Value\"], [plot_data.T], subtitle=[\"\"], vertical_line=[melt_T[key]], title=title, label=[key, \"melting Temp.\"])\n",
    "\n"
   ]
  },
  {
   "cell_type": "markdown",
   "id": "passing-seminar",
   "metadata": {},
   "source": [
    "## Correlation Analyis"
   ]
  },
  {
   "cell_type": "markdown",
   "id": "other-mississippi",
   "metadata": {},
   "source": [
    "<div class=\"alert alert-block alert-info\">\n",
    "<b>Info:</b> Noda, I. (2007). Two-dimensional correlation analysis useful for spectroscopy, chromatography, and other analytical measurements. Analytical Sciences, 23(2), 139–146. https://doi.org/10.2116/analsci.23.139\n",
    "</div>"
   ]
  },
  {
   "cell_type": "markdown",
   "id": "constitutional-promotion",
   "metadata": {},
   "source": [
    "<div class=\"alert alert-block alert-info\">\n",
    "<b>Info:</b> Noda, I. (2015). Techniques of two-dimensional (2D) correlation spectroscopy useful in life science research. Biomedical Spectroscopy and Imaging, 4(2), 109–127. https://doi.org/10.3233/bsi-150105\n",
    "</div>"
   ]
  },
  {
   "cell_type": "markdown",
   "id": "correct-departure",
   "metadata": {},
   "source": [
    "Projection Matrix"
   ]
  },
  {
   "cell_type": "code",
   "execution_count": 8,
   "id": "danish-float",
   "metadata": {},
   "outputs": [
    {
     "name": "stdout",
     "output_type": "stream",
     "text": [
      "(16, 1) (16, 131)\n",
      "[[-6.42816]\n",
      " [-6.21929]\n",
      " [-6.02504]\n",
      " [-5.96357]\n",
      " [-5.65723]\n",
      " [-5.50681]\n",
      " [-5.32867]\n",
      " [-5.2065 ]\n",
      " [-5.06574]\n",
      " [-4.50403]\n",
      " [-3.73564]\n",
      " [-2.87439]\n",
      " [-2.72282]\n",
      " [-2.52644]\n",
      " [-2.28546]\n",
      " [-2.12292]]\n"
     ]
    }
   ],
   "source": [
    "test = data_all[\"Control_0M\"].cd_df.to_numpy()\n",
    "test = test[47:48].T\n",
    "data = data_all[\"Control_0M\"].cd_df.T.to_numpy()\n",
    "print(test.shape, data.shape )\n",
    "print(test)"
   ]
  },
  {
   "cell_type": "code",
   "execution_count": 9,
   "id": "social-writer",
   "metadata": {},
   "outputs": [
    {
     "data": {
      "application/vnd.jupyter.widget-view+json": {
       "model_id": "4bbb57b3324844f1b16bccb412f4144f",
       "version_major": 2,
       "version_minor": 0
      },
      "text/plain": [
       "Canvas(toolbar=Toolbar(toolitems=[('Home', 'Reset original view', 'home', 'home'), ('Back', 'Back to previous …"
      ]
     },
     "metadata": {},
     "output_type": "display_data"
    }
   ],
   "source": [
    "U = np.linalg.inv(np.dot(test.T, test))\n",
    "R = np.dot(test, np.dot(U, test.T))\n",
    "Null = np.diag([1]*16) - R\n",
    "\n",
    "alpha = 0\n",
    "data_alpha = np.dot(Null + alpha*R, data)\n",
    "df = pd.DataFrame(data_alpha, dtype='float64')\n",
    "\n",
    "plot.heatmap(df.T, x_min=[20] )\n",
    "\n"
   ]
  },
  {
   "cell_type": "code",
   "execution_count": 10,
   "id": "considered-specification",
   "metadata": {},
   "outputs": [
    {
     "data": {
      "application/vnd.jupyter.widget-view+json": {
       "model_id": "3ee307da164b48a182ff1cdf315c15eb",
       "version_major": 2,
       "version_minor": 0
      },
      "text/plain": [
       "Canvas(toolbar=Toolbar(toolitems=[('Home', 'Reset original view', 'home', 'home'), ('Back', 'Back to previous …"
      ]
     },
     "metadata": {},
     "output_type": "display_data"
    }
   ],
   "source": [
    "U = test/np.linalg.norm(test)\n",
    "loading_vector = np.dot(data.T, U)\n",
    "\n",
    "for i in range(loading_vector.shape[0]):\n",
    "    if loading_vector[i] <= 0:\n",
    "        loading_vector[i] = 0\n",
    "data_plus = np.dot(U, loading_vector.T)\n",
    "\n",
    "alpha = 0\n",
    "data_alpha_plus = data - (1 - alpha)*data_plus\n",
    "df = pd.DataFrame(data_alpha_plus, dtype='float64')\n",
    "\n",
    "plot.heatmap(df.T, x_min=[20] )"
   ]
  },
  {
   "cell_type": "code",
   "execution_count": 11,
   "id": "focal-columbus",
   "metadata": {},
   "outputs": [
    {
     "data": {
      "application/vnd.jupyter.widget-view+json": {
       "model_id": "d1be943dfc2f47fa9153a44c4a0d25b1",
       "version_major": 2,
       "version_minor": 0
      },
      "text/plain": [
       "Canvas(toolbar=Toolbar(toolitems=[('Home', 'Reset original view', 'home', 'home'), ('Back', 'Back to previous …"
      ]
     },
     "metadata": {},
     "output_type": "display_data"
    }
   ],
   "source": [
    "data  = data_all[\"Control_0M\"].cd_df\n",
    "sync, assync = ana.correlation(data, projection=True, proj_rows=[247,247])\n",
    "plot.heatmap(sync, assync, x_min=[210, 210], y_min=[210,210])"
   ]
  },
  {
   "cell_type": "markdown",
   "id": "threaded-candy",
   "metadata": {},
   "source": [
    "### Test unevenly spaced data"
   ]
  },
  {
   "cell_type": "code",
   "execution_count": 12,
   "id": "executive-geology",
   "metadata": {},
   "outputs": [
    {
     "name": "stdout",
     "output_type": "stream",
     "text": [
      "[[1]\n",
      " [2]\n",
      " [3]] \n",
      " [[1 2 3]\n",
      " [4 5 6]\n",
      " [7 8 9]]\n",
      "[[ 1  2  3]\n",
      " [ 8 10 12]\n",
      " [21 24 27]]\n"
     ]
    }
   ],
   "source": [
    "test_mat = np.array([[1, 2, 3], [4, 5, 6], [7,8,9]])\n",
    "test_vect = np.array([[1],[2],[3]])\n",
    "print(test_vect, \"\\n\", test_mat\n",
    "     )\n",
    "print(test_mat*test_vect)"
   ]
  },
  {
   "cell_type": "code",
   "execution_count": 13,
   "id": "accurate-saturday",
   "metadata": {},
   "outputs": [
    {
     "name": "stdout",
     "output_type": "stream",
     "text": [
      "[[ 10]\n",
      " [ 20]\n",
      " [ 30]\n",
      " [ 40]\n",
      " [ 45]\n",
      " [ 50]\n",
      " [ 53]\n",
      " [ 56]\n",
      " [ 58]\n",
      " [ 60]\n",
      " [ 62]\n",
      " [ 64]\n",
      " [ 67]\n",
      " [ 70]\n",
      " [ 75]\n",
      " [ 80]\n",
      " [ 90]\n",
      " [100]]\n"
     ]
    }
   ],
   "source": [
    "col = test.columns\n",
    "T = list(col)\n",
    "T = [2*T[0] - T[1]] + T + [T[-1]*2 - T[-2]]\n",
    "print(np.reshape(T,(len(T), 1)))"
   ]
  },
  {
   "cell_type": "code",
   "execution_count": 15,
   "id": "electronic-breeding",
   "metadata": {},
   "outputs": [
    {
     "name": "stdout",
     "output_type": "stream",
     "text": [
      "Index([20, 30, 40, 45, 50, 53, 56, 58, 60, 62, 64, 67, 70, 75, 80, 90], dtype='object')\n",
      "Index([20, 30, 40, 45, 50, 56, 58, 60, 62, 64, 67, 70, 75, 80, 90], dtype='object')\n",
      "Index([20, 30, 40, 45, 50, 53, 58, 60, 62, 64, 67, 70, 75, 80, 90], dtype='object')\n",
      "(131, 14)\n"
     ]
    }
   ],
   "source": [
    "print(data_all[\"GdmCl_4M\"].cd_df.columns)\n",
    "print(data_all[\"GdmCl_2M\"].cd_df.columns)\n",
    "print(data_all[\"Gdm2SO4_4M\"].cd_df.columns)\n",
    "\n",
    "df = pd.concat([data_all[\"GdmCl_2M\"].cd_df, data_all[\"Gdm2SO4_4M\"].cd_df], join='inner' )\n",
    "col = pd.concat([data_all[\"GdmCl_2M\"].cd_df, data_all[\"Gdm2SO4_4M\"].cd_df], join='inner').columns\n",
    "print(data_all[\"GdmCl_4M\"].cd_df.loc[:, col].shape)"
   ]
  },
  {
   "cell_type": "code",
   "execution_count": 16,
   "id": "acute-south",
   "metadata": {},
   "outputs": [
    {
     "name": "stdout",
     "output_type": "stream",
     "text": [
      "[20 20 15 10 11 8 4 4 4 5 6 8 10 15 20]\n",
      "[[20 40 45 ... 130 210 300]\n",
      " [320 340 270 ... 280 435 600]\n",
      " [620 640 495 ... 430 660 900]\n",
      " ...\n",
      " [38420 38440 28845 ... 19330 29010 38700]\n",
      " [38720 38740 29070 ... 19480 29235 39000]\n",
      " [39020 39040 29295 ... 19630 29460 39300]]\n"
     ]
    }
   ],
   "source": [
    "test_arr = np.reshape(np.arange(1, 131*15 + 1), (131,15))\n",
    "arr = np.arange(1, 15+1)\n",
    "temp_list = np.array(data_all[\"GdmCl_2M\"].cd_df.columns)\n",
    "temp_list = np.insert(temp_list, 0, 2 * temp_list[0] - temp_list[1])\n",
    "temp_list = np.append(temp_list, temp_list[-1] * 2 - temp_list[-2])\n",
    "test = np.array([temp_list[arr+1]]- temp_list[arr-1])\n",
    "print(*test)\n",
    "print(test_arr*test)"
   ]
  },
  {
   "cell_type": "code",
   "execution_count": 18,
   "id": "convertible-administration",
   "metadata": {},
   "outputs": [
    {
     "name": "stdout",
     "output_type": "stream",
     "text": [
      "[10 20 30 40 45 50 56 58 60 62 64 67 70 75 80 90 100]\n"
     ]
    }
   ],
   "source": [
    "print(temp_list)"
   ]
  },
  {
   "cell_type": "code",
   "execution_count": 20,
   "id": "crucial-newfoundland",
   "metadata": {},
   "outputs": [
    {
     "name": "stdout",
     "output_type": "stream",
     "text": [
      "[[0.0 0.3183098861837907 0.1392605752054084 0.0954929658551372\n",
      "  0.08223005393081259 0.06189358898018153 0.050259455713230115\n",
      "  0.047746482927568605 0.04547284088339866 0.04521447246928846\n",
      "  0.044021580004141254 0.044563384065730696 0.04340589357051691\n",
      "  0.046420191735136146]\n",
      " [-0.3183098861837907 0.0 0.2785211504108168 0.15915494309189535\n",
      "  0.1233450808962189 0.08569881551102056 0.068209261325098\n",
      "  0.06366197723675814 0.05968310365946076 0.058512846724961515\n",
      "  0.05591930432958485 0.05570423008216337 0.05305164769729844\n",
      "  0.05570423008216337]\n",
      " [-0.1392605752054084 -0.2785211504108168 0.0 0.3978873577297384\n",
      "  0.20690142601946393 0.11439261534729978 0.08399844218738922\n",
      "  0.07559859796865029 0.06872599815331845 0.06631455962162305\n",
      "  0.06189358898018153 0.06100939485189322 0.05684105110424834\n",
      "  0.05968310365946075]\n",
      " [-0.0954929658551372 -0.15915494309189535 -0.3978873577297384 0.0\n",
      "  0.33422538049298023 0.13021768071155077 0.08569881551102056\n",
      "  0.07427230677621782 0.0655343883319569 0.06282431964153765\n",
      "  0.05787452476068923 0.05729577951308232 0.05305164769729845\n",
      "  0.05684105110424834]\n",
      " [-0.08223005393081259 -0.1233450808962189 -0.20690142601946393\n",
      "  -0.33422538049298023 0.0 0.2519953265621676 0.1492077591486519\n",
      "  0.1193662073189215 0.0994718394324346 0.09094568176679733\n",
      "  0.07957747154594766 0.07559859796865029 0.06684507609859605\n",
      "  0.06896714200648799]\n",
      " [-0.06189358898018153 -0.08569881551102056 -0.11439261534729978\n",
      "  -0.13021768071155077 -0.2519953265621676 0.0 0.477464829275686\n",
      "  0.238732414637843 0.15915494309189535 0.12931339126216496\n",
      "  0.10128041833120614 0.09094568176679733 0.07538918356984517\n",
      "  0.07626174356486652]\n",
      " [-0.050259455713230115 -0.068209261325098 -0.08399844218738922\n",
      "  -0.08569881551102056 -0.1492077591486519 -0.477464829275686 0.0\n",
      "  0.3183098861837907 0.15915494309189535 0.1193662073189215\n",
      "  0.08841941282883076 0.07957747154594767 0.0655343883319569\n",
      "  0.06872599815331845]\n",
      " [-0.047746482927568605 -0.06366197723675814 -0.07559859796865029\n",
      "  -0.07427230677621782 -0.1193662073189215 -0.238732414637843\n",
      "  -0.3183098861837907 0.0 0.3183098861837907 0.17904931097838228\n",
      "  0.11368210220849667 0.0954929658551372 0.07427230677621782\n",
      "  0.07559859796865029]\n",
      " [-0.04547284088339866 -0.05968310365946076 -0.06872599815331845\n",
      "  -0.0655343883319569 -0.0994718394324346 -0.15915494309189535\n",
      "  -0.15915494309189535 -0.3183098861837907 0.0 0.35809862195676456\n",
      "  0.15915494309189532 0.1193662073189215 0.08569881551102056\n",
      "  0.08399844218738922]\n",
      " [-0.04521447246928846 -0.058512846724961515 -0.06631455962162305\n",
      "  -0.06282431964153765 -0.09094568176679733 -0.12931339126216496\n",
      "  -0.1193662073189215 -0.17904931097838228 -0.35809862195676456 0.0\n",
      "  0.2917840623351414 0.17241785501621995 0.1085147339262923\n",
      "  0.0994718394324346]\n",
      " [-0.044021580004141254 -0.05591930432958485 -0.06189358898018153\n",
      "  -0.05787452476068923 -0.07957747154594766 -0.10128041833120614\n",
      "  -0.08841941282883076 -0.11368210220849667 -0.15915494309189532\n",
      "  -0.2917840623351414 0.0 0.37136153388108917 0.15915494309189535\n",
      "  0.12854822326653084]\n",
      " [-0.044563384065730696 -0.05570423008216337 -0.06100939485189322\n",
      "  -0.05729577951308232 -0.07559859796865029 -0.09094568176679733\n",
      "  -0.07957747154594767 -0.0954929658551372 -0.1193662073189215\n",
      "  -0.17241785501621995 -0.37136153388108917 0.0 0.2864788975654116\n",
      "  0.18302818455567965]\n",
      " [-0.04340589357051691 -0.05305164769729844 -0.05684105110424834\n",
      "  -0.05305164769729845 -0.06684507609859605 -0.07538918356984517\n",
      "  -0.0655343883319569 -0.07427230677621782 -0.08569881551102056\n",
      "  -0.1085147339262923 -0.15915494309189535 -0.2864788975654116 0.0\n",
      "  0.3978873577297384]\n",
      " [-0.046420191735136146 -0.05570423008216337 -0.05968310365946075\n",
      "  -0.05684105110424834 -0.06896714200648799 -0.07626174356486652\n",
      "  -0.06872599815331845 -0.07559859796865029 -0.08399844218738922\n",
      "  -0.0994718394324346 -0.12854822326653084 -0.18302818455567965\n",
      "  -0.3978873577297384 0.0]]\n"
     ]
    }
   ],
   "source": [
    "# creating Hilbert-Noda-matrix for async spectrum\n",
    "arr = np.arange(1, len(col) + 1, dtype=int)\n",
    "h_n_m = temp_list[arr] - np.array([temp_list[arr]]).T + np.identity(len(col), dtype=int)\n",
    "h_n_m = 1 / (2* np.pi * h_n_m)\n",
    "h_n_m = h_n_m * np.array([temp_list[arr+1]-temp_list[arr-1]])\n",
    "h_n_m = (h_n_m - h_n_m.T) / 2\n"
   ]
  },
  {
   "cell_type": "markdown",
   "id": "scientific-order",
   "metadata": {},
   "source": [
    "### Homogenous Spectrum\n",
    "\n",
    "*with pareto scaling and Control Measurement as Reference*"
   ]
  },
  {
   "cell_type": "code",
   "execution_count": 38,
   "id": "awful-lebanon",
   "metadata": {},
   "outputs": [
    {
     "name": "stdout",
     "output_type": "stream",
     "text": [
      "[[20.0 40.0 45.0 40.0 55.0 48.0 28.0 32.0 36.0 50.0 66.0 96.0 130.0 210.0\n",
      "  300.0]]\n",
      "[1196.0]\n"
     ]
    }
   ],
   "source": [
    "vec1 = np.ones((1,15))\n",
    "vec2 = np.array([np.arange(1, 16)])\n",
    "print(vec1 * vec2 *test)\n",
    "print(np.sum(vec1 * vec2 * test , axis=1))"
   ]
  },
  {
   "cell_type": "code",
   "execution_count": 8,
   "id": "clear-grace",
   "metadata": {},
   "outputs": [
    {
     "name": "stdout",
     "output_type": "stream",
     "text": [
      "[[20]\n",
      " [20]\n",
      " [15]\n",
      " [10]\n",
      " [11]\n",
      " [8]\n",
      " [4]\n",
      " [4]\n",
      " [4]\n",
      " [5]\n",
      " [6]\n",
      " [8]\n",
      " [10]\n",
      " [15]\n",
      " [20]] [10 20 30 40 45 50 56 58 60 62 64 67 70 75 80 90 100]\n"
     ]
    },
    {
     "data": {
      "application/vnd.jupyter.widget-view+json": {
       "model_id": "0038ba3d5b8d484da067d2dc5cd73d34",
       "version_major": 2,
       "version_minor": 0
      },
      "text/plain": [
       "Canvas(toolbar=Toolbar(toolitems=[('Home', 'Reset original view', 'home', 'home'), ('Back', 'Back to previous …"
      ]
     },
     "metadata": {},
     "output_type": "display_data"
    }
   ],
   "source": [
    "key = \"GdmCl_2M\"\n",
    "ref = data_all[\"Control_0M\"].cd_df.loc[:, 20]\n",
    "sync, assync = ana.correlation(data_all[key].cd_df, ref_spec=ref, center=False)\n",
    "\n",
    "plot.heatmap(sync, assync, title=str(key), subtitle=[\"Synchronous Spectrum\", \"Asynchronous Spectrum\"], x_min=[210, 210], y_min=[210,210], y_label=\"wavelength[nm]\", x_label=\"wavenlength[nm]\", contour_lines=True)"
   ]
  },
  {
   "cell_type": "code",
   "execution_count": 9,
   "id": "accurate-stylus",
   "metadata": {},
   "outputs": [
    {
     "name": "stdout",
     "output_type": "stream",
     "text": [
      "Index([20, 30, 40, 45, 50, 56, 58, 60, 62, 64, 67, 70, 75, 80, 90], dtype='object') [[20]\n",
      " [20]\n",
      " [15]\n",
      " [10]\n",
      " [11]\n",
      " [8]\n",
      " [4]\n",
      " [4]\n",
      " [4]\n",
      " [5]\n",
      " [6]\n",
      " [8]\n",
      " [10]\n",
      " [15]\n",
      " [20]]\n"
     ]
    },
    {
     "data": {
      "application/vnd.jupyter.widget-view+json": {
       "model_id": "3b32eaba2038402c88fd8a4ffa4b9b21",
       "version_major": 2,
       "version_minor": 0
      },
      "text/plain": [
       "Canvas(toolbar=Toolbar(toolitems=[('Home', 'Reset original view', 'home', 'home'), ('Back', 'Back to previous …"
      ]
     },
     "metadata": {},
     "output_type": "display_data"
    },
    {
     "name": "stdout",
     "output_type": "stream",
     "text": [
      "Index([20, 30, 40, 45, 50, 53, 58, 60, 62, 64, 67, 70, 75, 80, 90], dtype='object') [[20]\n",
      " [20]\n",
      " [15]\n",
      " [10]\n",
      " [8]\n",
      " [8]\n",
      " [7]\n",
      " [4]\n",
      " [4]\n",
      " [5]\n",
      " [6]\n",
      " [8]\n",
      " [10]\n",
      " [15]\n",
      " [20]]\n"
     ]
    },
    {
     "data": {
      "application/vnd.jupyter.widget-view+json": {
       "model_id": "50542aea48b84c839d78bd6c54e2a2e0",
       "version_major": 2,
       "version_minor": 0
      },
      "text/plain": [
       "Canvas(toolbar=Toolbar(toolitems=[('Home', 'Reset original view', 'home', 'home'), ('Back', 'Back to previous …"
      ]
     },
     "metadata": {},
     "output_type": "display_data"
    },
    {
     "name": "stdout",
     "output_type": "stream",
     "text": [
      "Index([20, 30, 40, 45, 50, 53, 58, 60, 62, 64, 67, 70, 75, 80, 90], dtype='object') [[20]\n",
      " [20]\n",
      " [15]\n",
      " [10]\n",
      " [8]\n",
      " [8]\n",
      " [7]\n",
      " [4]\n",
      " [4]\n",
      " [5]\n",
      " [6]\n",
      " [8]\n",
      " [10]\n",
      " [15]\n",
      " [20]]\n"
     ]
    },
    {
     "data": {
      "application/vnd.jupyter.widget-view+json": {
       "model_id": "60052990bd6e42edbff0b41ab4274140",
       "version_major": 2,
       "version_minor": 0
      },
      "text/plain": [
       "Canvas(toolbar=Toolbar(toolitems=[('Home', 'Reset original view', 'home', 'home'), ('Back', 'Back to previous …"
      ]
     },
     "metadata": {},
     "output_type": "display_data"
    },
    {
     "name": "stdout",
     "output_type": "stream",
     "text": [
      "Index([20, 30, 40, 45, 50, 56, 58, 60, 62, 64, 67, 70, 75, 80, 90], dtype='object') [[20]\n",
      " [20]\n",
      " [15]\n",
      " [10]\n",
      " [11]\n",
      " [8]\n",
      " [4]\n",
      " [4]\n",
      " [4]\n",
      " [5]\n",
      " [6]\n",
      " [8]\n",
      " [10]\n",
      " [15]\n",
      " [20]]\n"
     ]
    },
    {
     "data": {
      "application/vnd.jupyter.widget-view+json": {
       "model_id": "4745f55e83ed444993caff7d075c66f8",
       "version_major": 2,
       "version_minor": 0
      },
      "text/plain": [
       "Canvas(toolbar=Toolbar(toolitems=[('Home', 'Reset original view', 'home', 'home'), ('Back', 'Back to previous …"
      ]
     },
     "metadata": {},
     "output_type": "display_data"
    },
    {
     "name": "stdout",
     "output_type": "stream",
     "text": [
      "Index([20, 30, 40, 45, 50, 56, 58, 60, 62, 64, 67, 70, 75, 80, 90], dtype='object') [[20]\n",
      " [20]\n",
      " [15]\n",
      " [10]\n",
      " [11]\n",
      " [8]\n",
      " [4]\n",
      " [4]\n",
      " [4]\n",
      " [5]\n",
      " [6]\n",
      " [8]\n",
      " [10]\n",
      " [15]\n",
      " [20]]\n"
     ]
    },
    {
     "data": {
      "application/vnd.jupyter.widget-view+json": {
       "model_id": "55d1084da90e403aad3909f53651e7f4",
       "version_major": 2,
       "version_minor": 0
      },
      "text/plain": [
       "Canvas(toolbar=Toolbar(toolitems=[('Home', 'Reset original view', 'home', 'home'), ('Back', 'Back to previous …"
      ]
     },
     "metadata": {},
     "output_type": "display_data"
    },
    {
     "name": "stdout",
     "output_type": "stream",
