{
 "cells": [
  {
   "cell_type": "markdown",
   "id": "split-slide",
   "metadata": {},
   "source": [
    "*for more information, checkout* [Github](https://github.com/Crazytoph/2Dcorrelation \"my github page\")."
   ]
  },
  {
   "cell_type": "markdown",
   "id": "adequate-amendment",
   "metadata": {},
   "source": [
    "# CD Measurements - Data Analysis"
   ]
  },
  {
   "cell_type": "markdown",
   "id": "healthy-supervisor",
   "metadata": {},
   "source": [
    "## *setting up the Notebook*"
   ]
  },
  {
   "cell_type": "code",
   "execution_count": 1,
   "id": "incident-incentive",
   "metadata": {},
   "outputs": [],
   "source": [
    "# Enabling the `widget` backend.\n",
    "# This requires jupyter-matplotlib a.k.a. ipympl.\n",
    "# ipympl can be install via pip or conda.\n",
    "%matplotlib widget\n",
    "        \n",
    "import matplotlib.pyplot as plt\n",
    "import numpy as np\n",
    "import pandas as pd\n",
    "from ipywidgets import Output\n",
    "import matplotlib\n",
    "\n",
    "from scipy import integrate\n",
    "import lmfit\n",
    "import os"
   ]
  },
  {
   "cell_type": "code",
   "execution_count": 2,
   "id": "august-ballet",
   "metadata": {},
   "outputs": [],
   "source": [
    "import analise as ana\n",
    "import cdata \n",
    "import hotznplots as plot"
   ]
  },
  {
   "cell_type": "markdown",
   "id": "aerial-addiction",
   "metadata": {},
   "source": [
    "<div class=\"alert alert-block alert-info\">\n",
    "<b>Info:</b> Print always whole DataFrames\n",
    "</div>"
   ]
  },
  {
   "cell_type": "code",
   "execution_count": 3,
   "id": "surface-classics",
   "metadata": {},
   "outputs": [],
   "source": [
    "# Default value of display.max_rows is 10 i.e. at max 10 rows will be printed.\n",
    "# Set it None to display all rows in the dataframe\n",
    "pd.set_option('display.max_rows', None)"
   ]
  },
  {
   "cell_type": "code",
   "execution_count": 4,
   "id": "israeli-lucas",
   "metadata": {},
   "outputs": [],
   "source": [
    "# change plot size\n",
    "plt.rcParams[\"figure.figsize\"] = (11,9)"
   ]
  },
  {
   "cell_type": "markdown",
   "id": "plastic-salmon",
   "metadata": {},
   "source": [
    "<div class=\"alert alert-block alert-info\">\n",
    "<b>Info:</b> Get the data\n",
    "</div>"
   ]
  },
  {
   "cell_type": "code",
   "execution_count": 5,
   "id": "sunrise-organ",
   "metadata": {},
   "outputs": [
    {
     "name": "stdout",
     "output_type": "stream",
     "text": [
      "['Control_0M', 'Gdm2SO4_0.5M', 'Gdm2SO4_2M', 'Gdm2SO4_4M', 'GdmCl_0.5M', 'GdmCl_2M', 'GdmCl_2M_24h', 'GdmCl_4M', 'GdmSCN_0.5M', 'GdmSCN_2M', 'Urea_2M']\n"
     ]
    }
   ],
   "source": [
    "# Path for Daniel:\n",
    "#path = \"F:\\\\HZDR\\\\CD_data\"\n",
    "\n",
    "# My Path:\n",
    "path = \"C:\\\\Users\\\\crazy\\\\Mega\\\\Uni\\\\Masterarbeit\\\\Projekt\\\\Data\\\\CD_data\\\\DNA Origami\"\n",
    "datalist = os.listdir(path)\n",
    "print(datalist)"
   ]
  },
  {
   "cell_type": "code",
   "execution_count": 6,
   "id": "strategic-plenty",
   "metadata": {},
   "outputs": [],
   "source": [
    "# all data in one dictionary with foldernames as names\n",
    "data_all = {}\n",
    "for i in range(len(datalist)):\n",
    "    data_all[datalist[i]] = cdata.CData(os.path.join(path, datalist[i]))"
   ]
  },
  {
   "cell_type": "code",
   "execution_count": 7,
   "id": "interesting-blocking",
   "metadata": {},
   "outputs": [
    {
     "name": "stdout",
     "output_type": "stream",
     "text": [
      "<cdata.CData object at 0x000001F4DA733760>\n",
      "[<cdata.CData object at 0x000001F4DA733760>, <cdata.CData object at 0x000001F4D69777C0>]\n",
      "(<cdata.CData object at 0x000001F4DA733760>, <cdata.CData object at 0x000001F4DA60BB80>, <cdata.CData object at 0x000001F4D69776D0>, <cdata.CData object at 0x000001F4D69777C0>)\n"
     ]
    }
   ],
   "source": [
    "# options to acces data\n",
    "print(data_all['Control_0M'])\n",
    "# multiple options\n",
    "print(list(map(data_all.get, ['Control_0M', 'Gdm2SO4_4M'])))\n",
    "print(tuple(data_all.values())[0:4])"
   ]
  },
  {
   "cell_type": "markdown",
   "id": "successful-timing",
   "metadata": {},
   "source": [
    "## Colormaps"
   ]
  },
  {
   "cell_type": "markdown",
   "id": "prompt-billion",
   "metadata": {},
   "source": [
    "### Heat Maps"
   ]
  },
  {
   "cell_type": "code",
   "execution_count": 8,
   "id": "skilled-gateway",
   "metadata": {},
   "outputs": [
    {
     "data": {
      "application/vnd.jupyter.widget-view+json": {
       "model_id": "d6f668b63a164a29ae6e919c13f606b1",
       "version_major": 2,
       "version_minor": 0
      },
      "text/plain": [
       "Canvas(toolbar=Toolbar(toolitems=[('Home', 'Reset original view', 'home', 'home'), ('Back', 'Back to previous …"
      ]
     },
     "metadata": {},
     "output_type": "display_data"
    }
   ],
   "source": [
    "plot.heatmap(*tuple(data_all.values()), subtitle=tuple(data_all.keys()), title=\"Cd-Values\", x_min=[220]*len(data_all))"
   ]
  },
  {
   "cell_type": "markdown",
   "id": "organic-queens",
   "metadata": {},
   "source": [
    "### 3D surface plots"
   ]
  },
  {
   "cell_type": "code",
   "execution_count": 8,
   "id": "grand-soundtrack",
   "metadata": {},
   "outputs": [
    {
     "data": {
      "application/vnd.jupyter.widget-view+json": {
       "model_id": "2fa9d7ff892f46d3a9a14a3ce990af42",
       "version_major": 2,
       "version_minor": 0
      },
      "text/plain": [
       "Canvas(toolbar=Toolbar(toolitems=[('Home', 'Reset original view', 'home', 'home'), ('Back', 'Back to previous …"
      ]
     },
     "metadata": {},
     "output_type": "display_data"
    },
    {
     "name": "stderr",
     "output_type": "stream",
     "text": [
      "No handles with labels found to put in legend.\n"
     ]
    }
   ],
   "source": [
    "plot.function3d(data_all[\"Control_0M\"].cd_df.loc[220:])"
   ]
  },
  {
   "cell_type": "markdown",
   "id": "excellent-patch",
   "metadata": {},
   "source": [
    "## Function Plots "
   ]
  },
  {
   "cell_type": "markdown",
   "id": "broke-teaching",
   "metadata": {},
   "source": [
    "### CD-Spectra Plot"
   ]
  },
  {
   "cell_type": "code",
   "execution_count": 26,
   "id": "inside-uniform",
   "metadata": {},
   "outputs": [
    {
     "data": {
      "application/vnd.jupyter.widget-view+json": {
       "model_id": "fc0c23a0ce2347c28b34119548e8685a",
       "version_major": 2,
       "version_minor": 0
      },
      "text/plain": [
       "Canvas(toolbar=Toolbar(toolitems=[('Home', 'Reset original view', 'home', 'home'), ('Back', 'Back to previous …"
      ]
     },
     "metadata": {},
     "output_type": "display_data"
    },
    {
     "name": "stderr",
     "output_type": "stream",
     "text": [
      "C:\\Users\\crazy\\PycharmProjects\\2Dcorrelation\\hotznplots.py:329: RuntimeWarning: More than 20 figures have been opened. Figures created through the pyplot interface (`matplotlib.pyplot.figure`) are retained until explicitly closed and may consume too much memory. (To control this warning, see the rcParam `figure.max_open_warning`).\n",
      "  fig = plt.figure(facecolor=backgroundcolor)  # create figure\n"
     ]
    },
    {
     "data": {
      "application/vnd.jupyter.widget-view+json": {
       "model_id": "c320b14d645b4084a26b3b6eb875b684",
       "version_major": 2,
       "version_minor": 0
      },
      "text/plain": [
       "Canvas(toolbar=Toolbar(toolitems=[('Home', 'Reset original view', 'home', 'home'), ('Back', 'Back to previous …"
      ]
     },
     "metadata": {},
     "output_type": "display_data"
    },
    {
     "data": {
      "application/vnd.jupyter.widget-view+json": {
       "model_id": "c38d7b7036ad4a07a64efce42729bff9",
       "version_major": 2,
       "version_minor": 0
      },
      "text/plain": [
       "Canvas(toolbar=Toolbar(toolitems=[('Home', 'Reset original view', 'home', 'home'), ('Back', 'Back to previous …"
      ]
     },
     "metadata": {},
     "output_type": "display_data"
    },
    {
     "data": {
      "application/vnd.jupyter.widget-view+json": {
       "model_id": "b40d1593bc5d4c1d9aeec8475f8958f3",
       "version_major": 2,
       "version_minor": 0
      },
      "text/plain": [
       "Canvas(toolbar=Toolbar(toolitems=[('Home', 'Reset original view', 'home', 'home'), ('Back', 'Back to previous …"
      ]
     },
     "metadata": {},
     "output_type": "display_data"
    },
    {
     "data": {
      "application/vnd.jupyter.widget-view+json": {
       "model_id": "ead9c9c27077443099c8472557052036",
       "version_major": 2,
       "version_minor": 0
      },
      "text/plain": [
       "Canvas(toolbar=Toolbar(toolitems=[('Home', 'Reset original view', 'home', 'home'), ('Back', 'Back to previous …"
      ]
     },
     "metadata": {},
     "output_type": "display_data"
    },
    {
     "data": {
      "application/vnd.jupyter.widget-view+json": {
       "model_id": "0503b92c33204357b8ba661b232dc0a4",
       "version_major": 2,
       "version_minor": 0
      },
      "text/plain": [
       "Canvas(toolbar=Toolbar(toolitems=[('Home', 'Reset original view', 'home', 'home'), ('Back', 'Back to previous …"
      ]
     },
     "metadata": {},
     "output_type": "display_data"
    },
    {
     "data": {
      "application/vnd.jupyter.widget-view+json": {
       "model_id": "c2c38a8edc3946168ef225402b3d3e7f",
       "version_major": 2,
       "version_minor": 0
      },
      "text/plain": [
       "Canvas(toolbar=Toolbar(toolitems=[('Home', 'Reset original view', 'home', 'home'), ('Back', 'Back to previous …"
      ]
     },
     "metadata": {},
     "output_type": "display_data"
    },
    {
     "data": {
      "application/vnd.jupyter.widget-view+json": {
       "model_id": "a89b7282247e4289acfce09894481e4f",
       "version_major": 2,
       "version_minor": 0
      },
      "text/plain": [
       "Canvas(toolbar=Toolbar(toolitems=[('Home', 'Reset original view', 'home', 'home'), ('Back', 'Back to previous …"
      ]
     },
     "metadata": {},
     "output_type": "display_data"
    },
    {
     "data": {
      "application/vnd.jupyter.widget-view+json": {
       "model_id": "7fa05e1631a6408bb4f1750d0deba4ae",
       "version_major": 2,
       "version_minor": 0
      },
      "text/plain": [
       "Canvas(toolbar=Toolbar(toolitems=[('Home', 'Reset original view', 'home', 'home'), ('Back', 'Back to previous …"
      ]
     },
     "metadata": {},
     "output_type": "display_data"
    }
   ],
   "source": [
    "wave_min = 260\n",
    "wave_max = 300\n",
    "\n",
    "key_list = ['Control_0M', 'Gdm2SO4_0.5M', 'Gdm2SO4_2M', 'Gdm2SO4_4M', 'GdmCl_0.5M', 'GdmCl_2M',  'GdmCl_4M', 'GdmSCN_0.5M', 'GdmSCN_2M']\n",
    "for key in key_list:\n",
    "    plot.mult_func([20, 30, 40, 45], [data_all[key].cd_df.loc[wave_min:wave_max]], title=key, swap=True,\n",
    "                   x_label=\"Wavelength [nm]\", y_label=\"CD values [mdeg]\", subtitle=[\"\"], label=[\"20°C\", \"30°C\", \"40°C\", \"45°C\"], marker=['s', 'D', 'd', 'o'], linestyle=['-', ':', ':', '-'], baseline=True)"
   ]
  },
  {
   "cell_type": "code",
   "execution_count": 9,
   "id": "precise-conspiracy",
   "metadata": {},
   "outputs": [
    {
     "data": {
      "application/vnd.jupyter.widget-view+json": {
       "model_id": "f50680fe04ce440ca3c63d04a862232b",
       "version_major": 2,
       "version_minor": 0
      },
      "text/plain": [
       "Canvas(toolbar=Toolbar(toolitems=[('Home', 'Reset original view', 'home', 'home'), ('Back', 'Back to previous …"
      ]
     },
     "metadata": {},
     "output_type": "display_data"
    }
   ],
   "source": [
    "data=[]\n",
    "for key in data_all.keys():\n",
    "    data.append([data_all[key].cd_df.T])\n",
    "\n",
    "plot.mult_func([20, 40, 55, 60, 65, 70, 90], *data, subtitle=tuple(data_all.keys()),\n",
    "               title=\"CD-Spectra\", marker=[\"\",\"\", \"\", \"\", \"\", \"\", \"\"], x_min=210\n",
    "              )"
   ]
  },
  {
   "cell_type": "markdown",
   "id": "cubic-sentence",
   "metadata": {},
   "source": [
    "### Max/Min Plots\n"
   ]
  },
  {
   "cell_type": "markdown",
   "id": "going-trinidad",
   "metadata": {},
   "source": [
    "multiple probes"
   ]
  },
  {
   "cell_type": "code",
   "execution_count": 10,
   "id": "residential-willow",
   "metadata": {},
   "outputs": [
    {
     "data": {
      "application/vnd.jupyter.widget-view+json": {
       "model_id": "6f696b1d2e1446f39663abdd45427261",
       "version_major": 2,
       "version_minor": 0
      },
      "text/plain": [
       "Canvas(toolbar=Toolbar(toolitems=[('Home', 'Reset original view', 'home', 'home'), ('Back', 'Back to previous …"
      ]
     },
     "metadata": {},
     "output_type": "display_data"
    }
   ],
   "source": [
    "wave_min = 210\n",
    "wave_max =  230\n",
    "\n",
    "\n",
    "# First data you want to add to the plot\n",
    "plot_data =  ana.max_wave(data_all[\"Control_0M\"].cd_df, wave_min=wave_min, wave_max=wave_max)\n",
    "plot_data = plot_data.drop(['Wavelength'], axis=1)   \n",
    "plot_data.rename(columns = {'Value': 'Control_0M'}, inplace = True)\n",
    "\n",
    "\n",
    "\n",
    "# other Data you want to add, if always same max/min values then loop would be possible\n",
    "plot_data[\"GdmCl_4M\"] = ana.max_wave(data_all[\"GdmCl_4M\"].cd_df, wave_min=wave_min, wave_max=wave_max)[\"Value\"]\n",
    "plot_data[\"Gdm2SO4_2M\"] = ana.max_wave(data_all[\"Gdm2SO4_2M\"].cd_df, wave_min=wave_min, wave_max=wave_max)[\"Value\"]\n",
    "#plot_data[\"GdmSCN_2M\"] 2= ana.max_wave(data_all[\"GdmSCN_2M\"].cd_df, wave_min=wave_min, wave_max=wave_max)[\"Value\"]\n",
    "\n",
    "\n",
    "plot.mult_func([\"Control_0M\", \"GdmCl_4M\", \"Gdm2SO4_2M\"], [plot_data.T], subtitle=[\"\"], title=\"Max. CD Value between 210nm - 230nm\")"
   ]
  },
  {
   "cell_type": "markdown",
   "id": "weird-weapon",
   "metadata": {},
   "source": [
    "one probe"
   ]
  },
  {
   "cell_type": "code",
   "execution_count": 15,
   "id": "tropical-championship",
   "metadata": {},
   "outputs": [
    {
     "data": {
      "application/vnd.jupyter.widget-view+json": {
       "model_id": "f72d97d41e48459eb723bb30acc239cd",
       "version_major": 2,
       "version_minor": 0
      },
      "text/plain": [
       "Canvas(toolbar=Toolbar(toolitems=[('Home', 'Reset original view', 'home', 'home'), ('Back', 'Back to previous …"
      ]
     },
     "metadata": {},
     "output_type": "display_data"
    },
    {
     "data": {
      "application/vnd.jupyter.widget-view+json": {
       "model_id": "83a43084f829464c8d1d2c3cbbe6535a",
       "version_major": 2,
       "version_minor": 0
      },
      "text/plain": [
       "Canvas(toolbar=Toolbar(toolitems=[('Home', 'Reset original view', 'home', 'home'), ('Back', 'Back to previous …"
      ]
     },
     "metadata": {},
     "output_type": "display_data"
    },
    {
     "data": {
      "application/vnd.jupyter.widget-view+json": {
       "model_id": "f48223ffb14c49079e937ecb7fadde39",
       "version_major": 2,
       "version_minor": 0
      },
      "text/plain": [
       "Canvas(toolbar=Toolbar(toolitems=[('Home', 'Reset original view', 'home', 'home'), ('Back', 'Back to previous …"
      ]
     },
     "metadata": {},
     "output_type": "display_data"
    },
    {
     "data": {
      "application/vnd.jupyter.widget-view+json": {
       "model_id": "d46d1249cc1d44f6a0b5090cd69dada9",
       "version_major": 2,
       "version_minor": 0
      },
      "text/plain": [
       "Canvas(toolbar=Toolbar(toolitems=[('Home', 'Reset original view', 'home', 'home'), ('Back', 'Back to previous …"
      ]
     },
     "metadata": {},
     "output_type": "display_data"
    },
    {
     "data": {
      "application/vnd.jupyter.widget-view+json": {
       "model_id": "3c475e2f6c944bea910df4241fb30393",
       "version_major": 2,
       "version_minor": 0
      },
      "text/plain": [
       "Canvas(toolbar=Toolbar(toolitems=[('Home', 'Reset original view', 'home', 'home'), ('Back', 'Back to previous …"
      ]
     },
     "metadata": {},
     "output_type": "display_data"
    },
    {
     "data": {
      "application/vnd.jupyter.widget-view+json": {
       "model_id": "221f08fdd72b4892bcca8879e40e895d",
       "version_major": 2,
       "version_minor": 0
      },
      "text/plain": [
       "Canvas(toolbar=Toolbar(toolitems=[('Home', 'Reset original view', 'home', 'home'), ('Back', 'Back to previous …"
      ]
     },
     "metadata": {},
     "output_type": "display_data"
    },
    {
     "data": {
      "application/vnd.jupyter.widget-view+json": {
       "model_id": "c63995a5677047b8a4e9d6b28a0d7097",
       "version_major": 2,
       "version_minor": 0
      },
      "text/plain": [
       "Canvas(toolbar=Toolbar(toolitems=[('Home', 'Reset original view', 'home', 'home'), ('Back', 'Back to previous …"
      ]
     },
     "metadata": {},
     "output_type": "display_data"
    },
    {
     "data": {
      "application/vnd.jupyter.widget-view+json": {
       "model_id": "efe1dc62afb94b719617149d94e38868",
       "version_major": 2,
       "version_minor": 0
      },
      "text/plain": [
       "Canvas(toolbar=Toolbar(toolitems=[('Home', 'Reset original view', 'home', 'home'), ('Back', 'Back to previous …"
      ]
     },
     "metadata": {},
     "output_type": "display_data"
    },
    {
     "data": {
      "application/vnd.jupyter.widget-view+json": {
       "model_id": "4e9be91f4fae492983160df331a99a03",
       "version_major": 2,
       "version_minor": 0
      },
      "text/plain": [
       "Canvas(toolbar=Toolbar(toolitems=[('Home', 'Reset original view', 'home', 'home'), ('Back', 'Back to previous …"
      ]
     },
     "metadata": {},
     "output_type": "display_data"
    },
    {
     "data": {
      "application/vnd.jupyter.widget-view+json": {
       "model_id": "4957eaa15b9844038a47f2f677677b0b",
       "version_major": 2,
       "version_minor": 0
      },
      "text/plain": [
       "Canvas(toolbar=Toolbar(toolitems=[('Home', 'Reset original view', 'home', 'home'), ('Back', 'Back to previous …"
      ]
     },
     "metadata": {},
     "output_type": "display_data"
    },
    {
     "data": {
      "application/vnd.jupyter.widget-view+json": {
       "model_id": "f132d95add7b4185bd0b7bbfa7bcdf9e",
       "version_major": 2,
       "version_minor": 0
      },
      "text/plain": [
       "Canvas(toolbar=Toolbar(toolitems=[('Home', 'Reset original view', 'home', 'home'), ('Back', 'Back to previous …"
      ]
     },
     "metadata": {},
     "output_type": "display_data"
    }
   ],
   "source": [
    "wave_min = 260\n",
    "wave_max =  290\n",
    "title = \"Max. CD-Value between \" + str(wave_min) + \"nm - \" + str(wave_max) +\"nm\"\n",
    "\n",
    "for key in data_all.keys():\n",
    "    plot_data =  ana.max_wave(data_all[key].cd_df, wave_min=wave_min, wave_max=wave_max)\n",
    "    plot.mult_func([\"Value\"], [plot_data.T], subtitle=[\"\"], vertical_line=[melt_T[key]], title=title, label=[key, \"melting Temp.\"])\n",
    "\n"
   ]
  },
  {
   "cell_type": "markdown",
   "id": "alpha-horizon",
   "metadata": {},
   "source": [
    "## Correlation Analyis"
   ]
  },
  {
   "cell_type": "markdown",
   "id": "least-filter",
   "metadata": {},
   "source": [
    "<div class=\"alert alert-block alert-info\">\n",
    "<b>Info:</b> Noda, I. (2007). Two-dimensional correlation analysis useful for spectroscopy, chromatography, and other analytical measurements. Analytical Sciences, 23(2), 139–146. https://doi.org/10.2116/analsci.23.139\n",
    "</div>"
   ]
  },
  {
   "cell_type": "markdown",
   "id": "involved-commerce",
   "metadata": {},
   "source": [
    "<div class=\"alert alert-block alert-info\">\n",
    "<b>Info:</b> Noda, I. (2015). Techniques of two-dimensional (2D) correlation spectroscopy useful in life science research. Biomedical Spectroscopy and Imaging, 4(2), 109–127. https://doi.org/10.3233/bsi-150105\n",
    "</div>"
   ]
  },
  {
   "cell_type": "markdown",
   "id": "average-prescription",
   "metadata": {},
   "source": [
    "Projection Matrix"
   ]
  },
  {
   "cell_type": "code",
   "execution_count": 8,
   "id": "behind-iraqi",
   "metadata": {},
   "outputs": [
    {
     "name": "stdout",
     "output_type": "stream",
     "text": [
      "(16, 1) (16, 131)\n",
      "[[-6.42816]\n",
      " [-6.21929]\n",
      " [-6.02504]\n",
      " [-5.96357]\n",
      " [-5.65723]\n",
      " [-5.50681]\n",
      " [-5.32867]\n",
      " [-5.2065 ]\n",
      " [-5.06574]\n",
      " [-4.50403]\n",
      " [-3.73564]\n",
      " [-2.87439]\n",
      " [-2.72282]\n",
      " [-2.52644]\n",
      " [-2.28546]\n",
      " [-2.12292]]\n"
     ]
    }
   ],
   "source": [
    "test = data_all[\"Control_0M\"].cd_df.to_numpy()\n",
    "test = test[47:48].T\n",
    "data = data_all[\"Control_0M\"].cd_df.T.to_numpy()\n",
    "print(test.shape, data.shape )\n",
    "print(test)"
   ]
  },
  {
   "cell_type": "code",
   "execution_count": 9,
   "id": "informative-prototype",
   "metadata": {},
   "outputs": [
    {
     "data": {
      "application/vnd.jupyter.widget-view+json": {
       "model_id": "4bbb57b3324844f1b16bccb412f4144f",
       "version_major": 2,
       "version_minor": 0
      },
      "text/plain": [
       "Canvas(toolbar=Toolbar(toolitems=[('Home', 'Reset original view', 'home', 'home'), ('Back', 'Back to previous …"
      ]
     },
     "metadata": {},
     "output_type": "display_data"
    }
   ],
   "source": [
    "U = np.linalg.inv(np.dot(test.T, test))\n",
    "R = np.dot(test, np.dot(U, test.T))\n",
    "Null = np.diag([1]*16) - R\n",
    "\n",
    "alpha = 0\n",
    "data_alpha = np.dot(Null + alpha*R, data)\n",
    "df = pd.DataFrame(data_alpha, dtype='float64')\n",
    "\n",
    "plot.heatmap(df.T, x_min=[20] )\n",
    "\n"
   ]
  },
  {
   "cell_type": "code",
   "execution_count": 10,
   "id": "coordinate-requirement",
   "metadata": {},
   "outputs": [
    {
     "data": {
      "application/vnd.jupyter.widget-view+json": {
       "model_id": "3ee307da164b48a182ff1cdf315c15eb",
       "version_major": 2,
       "version_minor": 0
      },
      "text/plain": [
       "Canvas(toolbar=Toolbar(toolitems=[('Home', 'Reset original view', 'home', 'home'), ('Back', 'Back to previous …"
      ]
     },
     "metadata": {},
     "output_type": "display_data"
    }
   ],
   "source": [
    "U = test/np.linalg.norm(test)\n",
    "loading_vector = np.dot(data.T, U)\n",
    "\n",
    "for i in range(loading_vector.shape[0]):\n",
    "    if loading_vector[i] <= 0:\n",
    "        loading_vector[i] = 0\n",
    "data_plus = np.dot(U, loading_vector.T)\n",
    "\n",
    "alpha = 0\n",
    "data_alpha_plus = data - (1 - alpha)*data_plus\n",
    "df = pd.DataFrame(data_alpha_plus, dtype='float64')\n",
    "\n",
    "plot.heatmap(df.T, x_min=[20] )"
   ]
  },
  {
   "cell_type": "code",
   "execution_count": 11,
   "id": "sitting-teach",
   "metadata": {},
   "outputs": [
    {
     "data": {
      "application/vnd.jupyter.widget-view+json": {
       "model_id": "d1be943dfc2f47fa9153a44c4a0d25b1",
       "version_major": 2,
       "version_minor": 0
      },
      "text/plain": [
       "Canvas(toolbar=Toolbar(toolitems=[('Home', 'Reset original view', 'home', 'home'), ('Back', 'Back to previous …"
      ]
     },
     "metadata": {},
     "output_type": "display_data"
    }
   ],
   "source": [
    "data  = data_all[\"Control_0M\"].cd_df\n",
    "sync, assync = ana.correlation(data, projection=True, proj_rows=[247,247])\n",
    "plot.heatmap(sync, assync, x_min=[210, 210], y_min=[210,210])"
   ]
  },
  {
   "cell_type": "markdown",
   "id": "coated-portfolio",
   "metadata": {},
   "source": [
    "### Test unevenly spaced data"
   ]
  },
  {
   "cell_type": "code",
   "execution_count": 12,
   "id": "material-giving",
   "metadata": {},
   "outputs": [
    {
     "name": "stdout",
     "output_type": "stream",
     "text": [
      "[[1]\n",
      " [2]\n",
      " [3]] \n",
      " [[1 2 3]\n",
      " [4 5 6]\n",
      " [7 8 9]]\n",
      "[[ 1  2  3]\n",
      " [ 8 10 12]\n",
      " [21 24 27]]\n"
     ]
    }
   ],
   "source": [
    "test_mat = np.array([[1, 2, 3], [4, 5, 6], [7,8,9]])\n",
    "test_vect = np.array([[1],[2],[3]])\n",
    "print(test_vect, \"\\n\", test_mat\n",
    "     )\n",
    "print(test_mat*test_vect)"
   ]
  },
  {
   "cell_type": "code",
   "execution_count": 13,
   "id": "amateur-resort",
   "metadata": {},
   "outputs": [
    {
     "name": "stdout",
     "output_type": "stream",
     "text": [
      "[[ 10]\n",
      " [ 20]\n",
      " [ 30]\n",
      " [ 40]\n",
      " [ 45]\n",
      " [ 50]\n",
      " [ 53]\n",
      " [ 56]\n",
      " [ 58]\n",
      " [ 60]\n",
      " [ 62]\n",
      " [ 64]\n",
      " [ 67]\n",
      " [ 70]\n",
      " [ 75]\n",
      " [ 80]\n",
      " [ 90]\n",
      " [100]]\n"
     ]
    }
   ],
   "source": [
    "col = test.columns\n",
    "T = list(col)\n",
    "T = [2*T[0] - T[1]] + T + [T[-1]*2 - T[-2]]\n",
    "print(np.reshape(T,(len(T), 1)))"
   ]
  },
  {
   "cell_type": "code",
   "execution_count": 15,
   "id": "charged-miami",
   "metadata": {},
   "outputs": [
    {
     "name": "stdout",
     "output_type": "stream",
     "text": [
      "Index([20, 30, 40, 45, 50, 53, 56, 58, 60, 62, 64, 67, 70, 75, 80, 90], dtype='object')\n",
      "Index([20, 30, 40, 45, 50, 56, 58, 60, 62, 64, 67, 70, 75, 80, 90], dtype='object')\n",
      "Index([20, 30, 40, 45, 50, 53, 58, 60, 62, 64, 67, 70, 75, 80, 90], dtype='object')\n",
      "(131, 14)\n"
     ]
    }
   ],
   "source": [
    "print(data_all[\"GdmCl_4M\"].cd_df.columns)\n",
    "print(data_all[\"GdmCl_2M\"].cd_df.columns)\n",
    "print(data_all[\"Gdm2SO4_4M\"].cd_df.columns)\n",
    "\n",
    "df = pd.concat([data_all[\"GdmCl_2M\"].cd_df, data_all[\"Gdm2SO4_4M\"].cd_df], join='inner' )\n",
    "col = pd.concat([data_all[\"GdmCl_2M\"].cd_df, data_all[\"Gdm2SO4_4M\"].cd_df], join='inner').columns\n",
    "print(data_all[\"GdmCl_4M\"].cd_df.loc[:, col].shape)"
   ]
  },
  {
   "cell_type": "code",
   "execution_count": 16,
   "id": "curious-olympus",
   "metadata": {},
   "outputs": [
    {
     "name": "stdout",
     "output_type": "stream",
     "text": [
      "[20 20 15 10 11 8 4 4 4 5 6 8 10 15 20]\n",
      "[[20 40 45 ... 130 210 300]\n",
      " [320 340 270 ... 280 435 600]\n",
      " [620 640 495 ... 430 660 900]\n",
      " ...\n",
      " [38420 38440 28845 ... 19330 29010 38700]\n",
      " [38720 38740 29070 ... 19480 29235 39000]\n",
      " [39020 39040 29295 ... 19630 29460 39300]]\n"
     ]
    }
   ],
   "source": [
    "test_arr = np.reshape(np.arange(1, 131*15 + 1), (131,15))\n",
    "arr = np.arange(1, 15+1)\n",
    "temp_list = np.array(data_all[\"GdmCl_2M\"].cd_df.columns)\n",
    "temp_list = np.insert(temp_list, 0, 2 * temp_list[0] - temp_list[1])\n",
    "temp_list = np.append(temp_list, temp_list[-1] * 2 - temp_list[-2])\n",
    "test = np.array([temp_list[arr+1]]- temp_list[arr-1])\n",
    "print(*test)\n",
    "print(test_arr*test)"
   ]
  },
  {
   "cell_type": "code",
   "execution_count": 18,
   "id": "static-thomson",
   "metadata": {},
   "outputs": [
    {
     "name": "stdout",
     "output_type": "stream",
     "text": [
      "[10 20 30 40 45 50 56 58 60 62 64 67 70 75 80 90 100]\n"
     ]
    }
   ],
   "source": [
    "print(temp_list)"
   ]
  },
  {
   "cell_type": "code",
   "execution_count": 20,
   "id": "soviet-scale",
   "metadata": {},
   "outputs": [
    {
     "name": "stdout",
     "output_type": "stream",
     "text": [
      "[[0.0 0.3183098861837907 0.1392605752054084 0.0954929658551372\n",
      "  0.08223005393081259 0.06189358898018153 0.050259455713230115\n",
      "  0.047746482927568605 0.04547284088339866 0.04521447246928846\n",
      "  0.044021580004141254 0.044563384065730696 0.04340589357051691\n",
      "  0.046420191735136146]\n",
      " [-0.3183098861837907 0.0 0.2785211504108168 0.15915494309189535\n",
      "  0.1233450808962189 0.08569881551102056 0.068209261325098\n",
      "  0.06366197723675814 0.05968310365946076 0.058512846724961515\n",
      "  0.05591930432958485 0.05570423008216337 0.05305164769729844\n",
      "  0.05570423008216337]\n",
      " [-0.1392605752054084 -0.2785211504108168 0.0 0.3978873577297384\n",
      "  0.20690142601946393 0.11439261534729978 0.08399844218738922\n",
      "  0.07559859796865029 0.06872599815331845 0.06631455962162305\n",
      "  0.06189358898018153 0.06100939485189322 0.05684105110424834\n",
      "  0.05968310365946075]\n",
      " [-0.0954929658551372 -0.15915494309189535 -0.3978873577297384 0.0\n",
      "  0.33422538049298023 0.13021768071155077 0.08569881551102056\n",
      "  0.07427230677621782 0.0655343883319569 0.06282431964153765\n",
      "  0.05787452476068923 0.05729577951308232 0.05305164769729845\n",
      "  0.05684105110424834]\n",
      " [-0.08223005393081259 -0.1233450808962189 -0.20690142601946393\n",
      "  -0.33422538049298023 0.0 0.2519953265621676 0.1492077591486519\n",
      "  0.1193662073189215 0.0994718394324346 0.09094568176679733\n",
      "  0.07957747154594766 0.07559859796865029 0.06684507609859605\n",
      "  0.06896714200648799]\n",
      " [-0.06189358898018153 -0.08569881551102056 -0.11439261534729978\n",
      "  -0.13021768071155077 -0.2519953265621676 0.0 0.477464829275686\n",
      "  0.238732414637843 0.15915494309189535 0.12931339126216496\n",
      "  0.10128041833120614 0.09094568176679733 0.07538918356984517\n",
      "  0.07626174356486652]\n",
      " [-0.050259455713230115 -0.068209261325098 -0.08399844218738922\n",
      "  -0.08569881551102056 -0.1492077591486519 -0.477464829275686 0.0\n",
      "  0.3183098861837907 0.15915494309189535 0.1193662073189215\n",
      "  0.08841941282883076 0.07957747154594767 0.0655343883319569\n",
      "  0.06872599815331845]\n",
      " [-0.047746482927568605 -0.06366197723675814 -0.07559859796865029\n",
      "  -0.07427230677621782 -0.1193662073189215 -0.238732414637843\n",
      "  -0.3183098861837907 0.0 0.3183098861837907 0.17904931097838228\n",
      "  0.11368210220849667 0.0954929658551372 0.07427230677621782\n",
      "  0.07559859796865029]\n",
      " [-0.04547284088339866 -0.05968310365946076 -0.06872599815331845\n",
      "  -0.0655343883319569 -0.0994718394324346 -0.15915494309189535\n",
      "  -0.15915494309189535 -0.3183098861837907 0.0 0.35809862195676456\n",
      "  0.15915494309189532 0.1193662073189215 0.08569881551102056\n",
      "  0.08399844218738922]\n",
      " [-0.04521447246928846 -0.058512846724961515 -0.06631455962162305\n",
      "  -0.06282431964153765 -0.09094568176679733 -0.12931339126216496\n",
      "  -0.1193662073189215 -0.17904931097838228 -0.35809862195676456 0.0\n",
      "  0.2917840623351414 0.17241785501621995 0.1085147339262923\n",
      "  0.0994718394324346]\n",
      " [-0.044021580004141254 -0.05591930432958485 -0.06189358898018153\n",
      "  -0.05787452476068923 -0.07957747154594766 -0.10128041833120614\n",
      "  -0.08841941282883076 -0.11368210220849667 -0.15915494309189532\n",
      "  -0.2917840623351414 0.0 0.37136153388108917 0.15915494309189535\n",
      "  0.12854822326653084]\n",
      " [-0.044563384065730696 -0.05570423008216337 -0.06100939485189322\n",
      "  -0.05729577951308232 -0.07559859796865029 -0.09094568176679733\n",
      "  -0.07957747154594767 -0.0954929658551372 -0.1193662073189215\n",
      "  -0.17241785501621995 -0.37136153388108917 0.0 0.2864788975654116\n",
      "  0.18302818455567965]\n",
      " [-0.04340589357051691 -0.05305164769729844 -0.05684105110424834\n",
      "  -0.05305164769729845 -0.06684507609859605 -0.07538918356984517\n",
      "  -0.0655343883319569 -0.07427230677621782 -0.08569881551102056\n",
      "  -0.1085147339262923 -0.15915494309189535 -0.2864788975654116 0.0\n",
      "  0.3978873577297384]\n",
      " [-0.046420191735136146 -0.05570423008216337 -0.05968310365946075\n",
      "  -0.05684105110424834 -0.06896714200648799 -0.07626174356486652\n",
      "  -0.06872599815331845 -0.07559859796865029 -0.08399844218738922\n",
      "  -0.0994718394324346 -0.12854822326653084 -0.18302818455567965\n",
      "  -0.3978873577297384 0.0]]\n"
     ]
    }
   ],
   "source": [
    "# creating Hilbert-Noda-matrix for async spectrum\n",
    "arr = np.arange(1, len(col) + 1, dtype=int)\n",
    "h_n_m = temp_list[arr] - np.array([temp_list[arr]]).T + np.identity(len(col), dtype=int)\n",
    "h_n_m = 1 / (2* np.pi * h_n_m)\n",
    "h_n_m = h_n_m * np.array([temp_list[arr+1]-temp_list[arr-1]])\n",
    "h_n_m = (h_n_m - h_n_m.T) / 2\n"
   ]
  },
  {
   "cell_type": "markdown",
   "id": "acknowledged-baking",
   "metadata": {},
   "source": [
    "### Homogenous Spectrum\n",
    "\n",
    "*with pareto scaling and Control Measurement as Reference*"
   ]
  },
  {
   "cell_type": "code",
   "execution_count": 38,
   "id": "convertible-encyclopedia",
   "metadata": {},
   "outputs": [
    {
     "name": "stdout",
     "output_type": "stream",
     "text": [
      "[[20.0 40.0 45.0 40.0 55.0 48.0 28.0 32.0 36.0 50.0 66.0 96.0 130.0 210.0\n",
      "  300.0]]\n",
      "[1196.0]\n"
     ]
    }
   ],
   "source": [
    "vec1 = np.ones((1,15))\n",
    "vec2 = np.array([np.arange(1, 16)])\n",
    "print(vec1 * vec2 *test)\n",
    "print(np.sum(vec1 * vec2 * test , axis=1))"
   ]
  },
  {
   "cell_type": "code",
   "execution_count": 11,
   "id": "latin-title",
   "metadata": {},
   "outputs": [
    {
     "name": "stdout",
     "output_type": "stream",
     "text": [
      "Index([20, 30, 40, 45, 50, 53, 56, 58, 60, 62, 64, 67, 70, 75, 80, 90], dtype='object') [[20]\n",
      " [20]\n",
      " [15]\n",
      " [10]\n",
      " [8]\n",
      " [6]\n",
      " [5]\n",
      " [4]\n",
      " [4]\n",
      " [4]\n",
      " [5]\n",
      " [6]\n",
      " [8]\n",
      " [10]\n",
      " [15]\n",
      " [20]]\n",
      "wavelength        200        201        202        203        204        205  \\\n",
      "wavelength                                                                     \n",
      "200          1.509943   3.239297  -3.577136 -19.891604 -12.664245 -10.495076   \n",
      "201         -4.532995  -3.145080  -4.332152  -4.845014  -2.359251 -13.022023   \n",
      "202          0.685520  -0.826663  -3.939426   6.846497   7.408469  -2.978254   \n",
      "203         23.843201  11.590067 -10.347363  -7.618870  -3.867404  12.775706   \n",
      "204         19.712686  12.343948  -9.458528 -11.929541  -8.259965  17.623593   \n",
      "205         17.881095  22.219830   3.422757 -19.883634 -24.350520   0.230050   \n",
      "206         -1.145838  17.095453  18.913214   3.766351 -10.498216  -5.889414   \n",
      "207          0.562259  23.375276  22.277901  -5.057351 -17.117324 -13.075467   \n",
      "208          1.378949  18.692739  20.055315   1.885009 -10.904128  -7.983481   \n",
      "209          5.409755  10.026370   2.059765  -7.209970  -8.048795   1.319132   \n",
      "210          7.663086   8.679226   0.115042  -8.611912  -9.306980   4.071970   \n",
      "211          0.238768   1.227124   0.893705  -0.797874  -1.923054   0.992767   \n",
      "212         -0.902208   0.405263  -0.010059  -2.633110  -3.480438  -2.088879   \n",
      "213         -0.633659   0.620903  -0.058824  -2.809590  -3.548338  -2.906232   \n",
      "214         -0.719932   0.454575  -0.289712  -2.394636  -2.987593  -1.801530   \n",
      "215         -0.378781   0.921498  -0.010913  -2.569937  -3.198033  -1.769128   \n",
      "216         -0.184654   1.242558   0.538418  -1.808579  -2.670946  -1.304155   \n",
      "217         -0.284254   0.910602   0.487880  -1.209419  -2.028017  -1.049364   \n",
      "218         -0.321892   0.557136   0.485498  -0.382874  -1.142910  -0.553925   \n",
      "219         -0.394445   0.407778   0.455889  -0.071112  -0.688556  -0.218126   \n",
      "220         -0.563762   0.315123   0.641956   0.402352  -0.135873   0.106139   \n",
      "221         -0.560021   0.239179   0.690565   0.718144   0.230545   0.380314   \n",
      "222         -0.545257   0.063331   0.668155   1.071786   0.635397   0.591435   \n",
      "223         -0.293673  -0.019641   0.540807   1.206855   0.833456   0.831941   \n",
      "224         -0.251341  -0.013140   0.604116   1.286991   0.903592   0.833323   \n",
      "225         -0.269025  -0.128335   0.514068   1.260625   0.921178   0.837889   \n",
      "226         -0.336726  -0.213795   0.476491   1.199351   0.867963   0.730533   \n",
      "227         -0.100768  -0.027680   0.346091   0.761648   0.509382   0.614044   \n",
      "228          0.063714   0.143383   0.175447   0.255158   0.133470   0.448992   \n",
      "229          0.111274   0.266425   0.060302  -0.152932  -0.191360   0.237960   \n",
      "230         -0.036378   0.208861   0.069948  -0.267161  -0.356684  -0.122597   \n",
      "231          0.015945   0.311827  -0.030571  -0.660894  -0.740431  -0.326790   \n",
      "232          0.119244   0.418280  -0.102397  -1.096488  -1.190356  -0.720335   \n",
      "233          0.368540   0.696971  -0.275163  -1.846931  -1.862320  -1.122163   \n",
      "234          0.291579   0.750832  -0.393326  -2.326620  -2.314473  -1.519346   \n",
      "235          0.264244   0.866862  -0.513885  -2.849352  -2.787164  -1.834248   \n",
      "236          0.335913   1.040848  -0.657240  -3.454965  -3.314244  -2.074097   \n",
      "237          0.442020   1.265014  -0.797912  -4.092350  -3.905218  -2.333062   \n",
      "238          0.620208   1.503603  -1.018524  -4.873302  -4.553506  -2.647995   \n",
      "239          0.738680   1.669635  -1.107705  -5.358345  -5.056369  -3.021732   \n",
      "240          0.822395   1.782075  -1.233725  -5.880276  -5.533288  -3.423726   \n",
      "241          0.971444   1.973628  -1.326609  -6.433686  -6.089830  -3.790682   \n",
      "242          1.162952   2.239316  -1.507577  -7.181947  -6.742849  -4.001565   \n",
      "243          1.234116   2.414673  -1.687420  -7.815039  -7.262823  -4.165629   \n",
      "244          1.357476   2.618220  -1.814490  -8.325019  -7.705928  -4.308624   \n",
      "245          1.429878   2.692623  -1.999984  -8.773746  -8.065753  -4.508396   \n",
      "246          1.441553   2.682175  -2.012539  -8.826369  -8.145590  -4.710977   \n",
      "247          1.408919   2.657431  -2.052076  -8.937498  -8.228153  -4.786113   \n",
      "248          1.202831   2.495270  -1.897299  -8.509911  -7.919308  -4.732165   \n",
      "249          1.070951   2.438877  -1.755751  -8.235298  -7.708753  -4.639315   \n",
      "250          0.986734   2.400694  -1.563369  -7.781678  -7.346117  -4.438212   \n",
      "251          0.849963   2.221524  -1.429685  -7.218101  -6.829774  -4.143604   \n",
      "252          0.726443   1.960900  -1.339552  -6.538732  -6.175232  -3.686888   \n",
      "253          0.536226   1.656874  -1.171678  -5.648969  -5.335248  -3.140582   \n",
      "254          0.341453   1.355340  -0.964834  -4.719337  -4.470747  -2.619272   \n",
      "255          0.100835   1.027555  -0.691292  -3.682089  -3.530366  -2.137789   \n",
      "256         -0.039761   0.810811  -0.462627  -2.819246  -2.730379  -1.706687   \n",
      "257         -0.236254   0.542133  -0.298578  -2.032226  -1.991529  -1.327558   \n",
      "258         -0.310427   0.405490  -0.228528  -1.539305  -1.459418  -0.952920   \n",
      "259         -0.455562   0.178033  -0.253535  -1.146956  -1.023380  -0.597336   \n",
      "260         -0.404712   0.124030  -0.160565  -0.754330  -0.689836  -0.317014   \n",
      "261         -0.294395   0.213522  -0.111992  -0.662358  -0.602916  -0.100908   \n",
      "262         -0.233158   0.253201  -0.023465  -0.450198  -0.455909   0.060981   \n",
